[gd_resource type="SkeletonProfile" format=3 uid="uid://capqta6lfckwq"]

[resource]
group_size = 1
bone_size = 22
groups/0/group_name = &""
bones/0/bone_name = &"Hips"
bones/0/bone_parent = &""
bones/0/tail_direction = 0
bones/0/reference_pose = Transform3D(0.999385, -0.00830991, -0.0340705, 0.00830991, -0.887737, 0.460275, -0.0340705, -0.460275, -0.887122, -0.001795, -0.223333, 0.028219)
bones/0/handle_offset = Vector2(0.499796, 0.396406)
bones/0/group = &""
bones/0/require = false
bones/1/bone_name = &"LeftUpLeg"
bones/1/bone_parent = &"Hips"
bones/1/tail_direction = 0
bones/1/reference_pose = Transform3D(-0.970959, 0.0830473, 0.224371, -0.0296989, 0.888729, -0.45747, -0.237397, -0.450848, -0.860453, 0.0689498, 0.0837036, -0.0383948)
bones/1/handle_offset = Vector2(0.541612, 0.451387)
bones/1/group = &""
bones/1/require = false
bones/2/bone_name = &"LeftLeg"
bones/2/bone_parent = &"LeftUpLeg"
bones/2/tail_direction = 0
bones/2/reference_pose = Transform3D(-0.941359, 0.0949577, 0.32377, 0.0479133, 0.987478, -0.150307, -0.333988, -0.12598, -0.93412, -3.25963e-09, 0.376788, 3.72529e-09)
bones/2/handle_offset = Vector2(0.56223, 0.677069)
bones/2/group = &""
bones/2/require = false
bones/3/bone_name = &"LeftFoot"
bones/3/bone_parent = &"LeftLeg"
bones/3/tail_direction = 0
bones/3/reference_pose = Transform3D(0.931705, -0.354699, -0.0781898, 0.195795, 0.309154, 0.930638, -0.305924, -0.88239, 0.357489, 9.31323e-10, 0.400583, -1.11759e-08)
bones/3/handle_offset = Vector2(0.554052, 0.916442)
bones/3/group = &""
bones/3/require = false
bones/4/bone_name = &"LeftToe"
bones/4/bone_parent = &"LeftFoot"
bones/4/tail_direction = 0
bones/4/reference_pose = Transform3D(0.934111, -0.196259, -0.298193, 0.196259, -0.415415, 0.888207, -0.298193, -0.888208, -0.349526, 2.79397e-08, 0.134302, -6.70552e-08)
bones/4/handle_offset = Vector2(0.569906, 0.95)
bones/4/group = &""
bones/4/require = false
bones/5/bone_name = &"RightUpLeg"
bones/5/bone_parent = &"Hips"
bones/5/tail_direction = 0
bones/5/reference_pose = Transform3D(-0.877321, -0.106984, -0.467828, 0.120486, 0.894509, -0.430507, 0.464533, -0.43406, -0.771881, -0.0682334, 0.0829105, -0.0355271)
bones/5/handle_offset = Vector2(0.459092, 0.450855)
bones/5/group = &""
bones/5/require = false
bones/6/bone_name = &"RightLeg"
bones/6/bone_parent = &"RightUpLeg"
bones/6/tail_direction = 0
bones/6/reference_pose = Transform3D(-0.965733, -0.0878993, -0.244201, -0.0512243, 0.986948, -0.152674, 0.254434, -0.134933, -0.957631, -4.65661e-09, 0.384582, -4.65661e-09)
bones/6/handle_offset = Vector2(0.436061, 0.68097)
bones/6/group = &""
bones/6/require = false
bones/7/bone_name = &"RightFoot"
bones/7/bone_parent = &"RightLeg"
bones/7/tail_direction = 0
bones/7/reference_pose = Transform3D(0.882402, 0.468655, 0.041583, -0.178083, 0.250878, 0.951497, 0.435492, -0.847008, 0.304835, -3.72529e-09, 0.400966, 9.31323e-09)
bones/7/handle_offset = Vector2(0.445549, 0.920616)
bones/7/group = &""
bones/7/require = false
bones/8/bone_name = &"RightToe"
bones/8/bone_parent = &"RightFoot"
bones/8/tail_direction = 0
bones/8/reference_pose = Transform3D(0.944912, 0.188192, 0.267816, -0.188192, -0.3571, 0.914912, 0.267816, -0.914912, -0.302011, -1.49012e-08, 0.13482, -1.86265e-08)
bones/8/handle_offset = Vector2(0.430288, 0.949574)
bones/8/group = &""
bones/8/require = false
bones/9/bone_name = &"Spine"
bones/9/bone_parent = &"Hips"
bones/9/tail_direction = 0
bones/9/reference_pose = Transform3D(0.998231, 0.0485585, -0.0343, 0.0277751, -0.89103, -0.453094, -0.0525639, 0.45134, -0.890803, -0.000716422, -0.084422, 0.0739219)
bones/9/handle_offset = Vector2(0.498272, 0.330865)
bones/9/group = &""
bones/9/require = false
bones/10/bone_name = &"Spine1"
bones/10/bone_parent = &"Spine"
bones/10/tail_direction = 0
bones/10/reference_pose = Transform3D(0.999861, -0.0118277, 0.0117646, 0.01571, 0.904826, -0.425492, -0.00561236, 0.425617, 0.904886, 1.71212e-10, 0.135296, -8.09024e-11)
bones/10/handle_offset = Vector2(0.501573, 0.249555)
bones/10/group = &""
bones/10/require = false
bones/11/bone_name = &"Spine2"
bones/11/bone_parent = &"Spine1"
bones/11/tail_direction = 0
bones/11/reference_pose = Transform3D(0.999309, -0.0347829, -0.0131069, 0.035086, 0.766258, 0.641575, -0.0122725, -0.641591, 0.766949, -4.36557e-11, 0.0587307, -3.32602e-09)
bones/11/handle_offset = Vector2(0.502449, 0.217722)
bones/11/group = &""
bones/11/require = false
bones/12/bone_name = &"Neck"
bones/12/bone_parent = &"Spine2"
bones/12/tail_direction = 0
bones/12/reference_pose = Transform3D(0.997042, 0.0706527, -0.0302546, -0.0669741, 0.605567, -0.792971, -0.0377043, 0.792652, 0.608508, -0.000116792, 0.217853, 0.0111724)
bones/12/handle_offset = Vector2(0.500778, 0.0890794)
bones/12/group = &""
bones/12/require = false
bones/13/bone_name = &"Head"
bones/13/bone_parent = &"Neck"
bones/13/tail_direction = 0
bones/13/reference_pose = Transform3D(0.997838, -0.0620931, -0.0215518, 0.0620931, 0.783035, 0.618871, -0.0215518, -0.618871, 0.785197, 2.21189e-09, 0.0829721, -2.43308e-08)
bones/13/handle_offset = Vector2(0.503877, 0.05)
bones/13/group = &""
bones/13/require = false
bones/14/bone_name = &"LeftShoulder"
bones/14/bone_parent = &"Spine2"
bones/14/tail_direction = 0
bones/14/reference_pose = Transform3D(0.311075, 0.948117, 0.065627, -0.935206, 0.317668, -0.156452, -0.169182, -0.0127066, 0.985503, 0.0803686, 0.125429, -0.00315614)
bones/14/handle_offset = Vector2(0.549874, 0.14449)
bones/14/group = &""
bones/14/require = false
bones/15/bone_name = &"LeftArm"
bones/15/bone_parent = &"LeftShoulder"
bones/15/tail_direction = 0
bones/15/reference_pose = Transform3D(0.93307, 0.35969, 0.00146806, -0.359376, 0.932067, 0.0458272, 0.0151153, -0.0432876, 0.998948, -8.73115e-09, 0.0963526, 0)
bones/15/handle_offset = Vector2(0.604597, 0.126163)
bones/15/group = &""
bones/15/require = false
bones/16/bone_name = &"LeftForeArm"
bones/16/bone_parent = &"LeftArm"
bones/16/tail_direction = 0
bones/16/reference_pose = Transform3D(0.991764, -0.0735422, 0.104864, 0.0841663, 0.991343, -0.100774, -0.096545, 0.10877, 0.989367, 3.25963e-09, 0.261372, -1.86265e-09)
bones/16/handle_offset = Vector2(0.760753, 0.133845)
bones/16/group = &""
bones/16/require = false
bones/17/bone_name = &"LeftHand"
bones/17/bone_parent = &"LeftForeArm"
bones/17/tail_direction = 0
bones/17/reference_pose = Transform3D(0.036052, -0.99934, 0.00452854, 0.99934, 0.0360308, -0.00469526, 0.00452899, 0.00469483, 0.999979, 7.50879e-09, 0.249399, 3.84171e-09)
bones/17/handle_offset = Vector2(0.910667, 0.12844)
bones/17/group = &""
bones/17/require = false
bones/18/bone_name = &"RightShoulder"
bones/18/bone_parent = &"Spine2"
bones/18/tail_direction = 0
bones/18/reference_pose = Transform3D(0.337416, -0.939136, -0.0646083, 0.925928, 0.343479, -0.157098, 0.169728, -0.00681515, 0.985467, -0.0802519, 0.125667, -0.00801621)
bones/18/handle_offset = Vector2(0.453271, 0.146244)
bones/18/group = &""
bones/18/require = false
bones/19/bone_name = &"RightArm"
bones/19/bone_parent = &"RightShoulder"
bones/19/tail_direction = 0
bones/19/reference_pose = Transform3D(0.929646, -0.368215, -0.0132721, 0.368424, 0.929425, 0.0208052, 0.00467459, -0.0242313, 0.999695, -7.10133e-09, 0.101791, -9.31323e-10)
bones/19/handle_offset = Vector2(0.39552, 0.126665)
bones/19/group = &""
bones/19/require = false
bones/20/bone_name = &"RightForeArm"
bones/20/bone_parent = &"RightArm"
bones/20/tail_direction = 0
bones/20/reference_pose = Transform3D(0.994878, 0.0769985, -0.065484, -0.0811945, 0.99464, -0.0640283, 0.0602029, 0.0690173, 0.995797, 1.55997e-08, 0.254992, -3.72529e-09)
bones/20/handle_offset = Vector2(0.242895, 0.134682)
bones/20/group = &""
bones/20/require = false
bones/21/bone_name = &"RightHand"
bones/21/bone_parent = &"RightForeArm"
bones/21/tail_direction = 0
bones/21/reference_pose = Transform3D(0.030881, 0.9993, -0.0211016, -0.9993, 0.0304215, -0.0217593, -0.0211022, 0.0217588, 0.999541, 1.62981e-09, 0.255477, 2.79397e-09)
bones/21/handle_offset = Vector2(0.0893331, 0.130007)
bones/21/group = &""
bones/21/require = false
